1 999999
24137 212741
622811 705104
823501 913975
712940 717226
100815 898782
544509 725095
248093 293283
616050 743680
153543 400738
948725 991881
535050 822485
667204 944402
638480 743738
247097 284575
492785 668316
948252 986284
682576 888753
125467 250489
638979 913363
952936 955304
207110 843669
390109 681330
130687 216149
880612 965649
939442 943347
261907 862482
800029 868993
307093 657411
83338 687760
764130 903577
181231 713521
870971 950029
556659 702960
230577 381537
972318 986468
644173 910457
915694 929295
734448 994578
720455 914363
373989 941402
555287 557308
114948 846369
103186 234038
659572 946632
208890 659171
196323 690228
498078 571484
348537 784533
382756 720414
184684 270673
12189 423984
741873 842438
551734 707492
460142 608271
719056 963905
44138 882717
963374 983430
88349 211284
404482 420920
266574 667340
127076 966318
614451 767782
46485 198016
615017 831412
75854 711970
733232 857435
157565 337105
973603 997092
133667 316092
99146 759788
715601 741891
443505 812719
762872 809755
165600 994916
28387 416522
478964 896604
392532 727709
443860 563634
26971 986445
111103 539840
8285 32692
291983 929323
723808 749355
64120 367533
154289 966607
822223 854117
532272 747067
533096 745522
885837 949364
37874 255931
387185 612342
252950 647936
788107 824242
516961 528280
440234 872686
234811 800975
821207 906665
417120 883551
479966 864321
814587 858132
247421 346371
446612 798312
804411 938156
958341 958633
806923 877096
504650 723352
237469 781349
831061 986267
87202 929616
233490 359009
525167 714920
959200 996286
212710 579663
433179 824292
676669 695961
203050 999731
992566 999803
512330 674808
287781 623224
305633 977533
866253 918571
17861 695978
415497 565904
21901 715642
399679 704684
32732 729175
448716 796502
612232 984637
397864 481917
116148 188992
671059 704737
896507 928447
177744 437232
323785 959217
124742 246332
740745 922369
462683 600745
124921 828153
572382 816913
386435 740238
666061 715933
833142 879719
528894 676365
359881 910433
215185 845223
823055 836250
601251 709790
540091 570741
694392 804382
297528 391536
499677 923419
324106 967043
654800 741852
675775 942141
589986 648534
42971 151570
266662 737033
693661 980154
332780 764751
896413 979418
450159 888220
571104 868403
491842 990131
1233 327815
167865 494889
163050 431436
897058 929663
95574 656536
301640 457377
577900 991177
186401 792296
174805 423394
145403 324356
107278 194423
449227 956498
22593 671217
340308 619096
75732 773558
914 979568
158736 580473
541603 993324
707179 935251
303545 350488
550765 919119
788252 796672
723453 798981
743987 849308
719097 983627
347382 409769
613397 753026
700022 932067
742702 943430
519770 954626
638916 795276
580008 620707
55054 924446
998584 999909
83928 920016
14989 899907
666163 669703
727154 978873
952838 992461
121326 692505
702895 824962
791427 885284
509202 855912
187935 426154
582585 988708
309436 415736
444929 841558
909951 977374
706819 741148
410525 966131
474213 609119
716592 934804
32969 294084
374030 708114
360921 773885
684075 819703
124473 729104
488909 510319
163082 851775
549989 782292
366216 597948
180892 432221
303733 509211
570663 968059
114966 689043
953739 971688
24011 781236
862240 996276
449057 455518
189359 506149
275132 677520
373507 656788
922820 928103
943734 946161
736268 840411
724404 933482
935519 990379
468544 885377
543789 629121
423478 481415
568455 785622
320883 586443
775649 891458
937033 948396
991643 995142
791555 900666
201363 961765
669543 989622
386347 586653
957100 982475
692526 816092
989825 998636
108533 220847
854045 878322
992935 993233
639875 778363
888652 923345
547986 893223
596453 864689
167857 561150
989239 993235
261693 346824
623144 838855
835133 898911
132977 465339
206097 370722
211408 750609
230547 548947
894004 986353
954996 987335
743296 813927
628324 808215
886727 945059
631074 634415
504539 581859
690823 958325
301337 745855
832249 984009
439554 463165
341252 392489
472963 907589
317471 880528
774066 990791
662298 965335
36127 845035
656291 825277
273768 642061
531703 602078
758791 903655
893165 947775
205674 219110
997750 999253
689323 725365
748414 947873
529846 784501
737847 846698
445863 721194
881294 980424
594882 794276
87677 640343
236058 238048
848599 870786
28423 368958
831367 974743
688214 883490
218486 777270
392070 602945
518179 601630
362008 442407
402522 469802
208527 841899
720119 887110
663344 851902
454716 796002
296186 469076
63589 210957
206456 735443
316230 864149
303960 431655
41592 848273
891475 929601
362454 629786
273008 550170
11910 13760
24459 727899
443296 984040
478696 985503
143435 453140
188382 638075
782100 983825
818869 888890
772396 884752
926327 939873
19604 71705
722771 896784
210461 732539
708253 807831
117815 135581
538435 705491
869204 917334
526805 740555
959835 973601
326861 841102
761366 990068
833027 875985
916809 926773
687200 901184
813813 910730
503794 636316
12541 186600
343419 351096
531001 822335
170180 196053
373847 765802
585647 697883
271471 314310
598377 808926
535272 692173
49041 314683
863379 872669
65811 641851
62997 149157
837440 903483
753829 920500
728387 958478
849851 889901
65628 187160
406779 898768
670217 879351
631096 845821
325445 955990
620589 824765
754949 878008
187074 958625
101043 579875
897401 998172
704041 854763
868333 978166
970237 975825
827537 871502
610817 912906
109959 140770
387037 441088
488812 587359
819704 861490
606161 786491
590355 590546
252861 277528
584966 741936
272693 988860
435440 864469
523118 864733
879366 951414
242085 467660
310875 825434
840842 908316
489221 923409
535009 711246
177747 925527
204998 983494
665001 839773
557044 855771
913713 924641
406890 442569
551916 614554
915687 931410
782034 925096
965698 993432
995990 999217
319776 945234
51987 374201
941437 998718
430935 742732
345368 637014
376865 466924
898242 961693
552584 830788
429434 522298
662598 978945
579481 862094
693554 875209
747519 914049
653387 675087
4260 409323
551236 594985
900638 956367
947850 962709
839728 919602
18200 801889
424666 836960
81347 842874
458653 618045
26258 635733
141348 962125
331218 572264
415229 494288
188589 746849
37269 360879
749108 880176
772768 877854
322403 628945
560989 617114
253372 410125
98510 621152
247889 920227
241421 415065
672354 946192
463628 680449
639374 938844
801040 871901
208125 232968
127309 241010
174533 199109
486930 785211
983606 989494
778200 850249
536812 652491
356480 806655
25770 97153
189856 876303
945531 952077
812823 947261
79421 635221
769214 994776
675740 863504
635716 909425
625076 897862
987930 991947
827678 990275
801417 848688
334474 741662
746055 758747
524165 739794
478341 750543
365068 522897
360810 798593
711901 816909
757688 959480
534602 562014
822208 967886
326940 900184
49530 125345
815297 919029
170034 847597
568763 974972
928291 949214
162347 562994
510403 805788
127631 391326
230352 933121
448979 864438
332017 833621
485373 863935
399375 784298
238924 532430
558174 583385
549983 550866
743189 765126
719447 910004
142374 915090
487857 557882
560702 682268
647135 911659
180305 721778
827465 864121
828213 958216
449742 859144
895753 974601
560211 942441
928360 962794
524050 924684
655744 926561
259236 844549
486402 683759
484694 863440
772336 982073
983669 985105
79355 621022
475424 861611
861999 992956
221416 767842
662326 714175
795459 931057
330186 820967
211586 326689
67398 163358
632705 953994
571415 906653
104626 401188
201070 780432
674338 790736
877579 957221
354654 915073
720795 747764
116935 732270
973649 989749
997825 999086
905292 931927
789595 849504
611420 765258
223314 234862
976017 980841
896501 914102
516799 851473
428541 506554
77460 213444
210488 388943
87362 103768
888050 916894
267199 466219
606488 613877
691057 854367
29583 200561
506602 540791
996392 996860
598724 760822
404737 651583
838385 970664
900549 973691
114437 252929
334952 429378
458461 481115
679949 991852
369078 797621
563581 641611
414192 545954
472411 849415
961072 999401
999092 999544
842321 883731
990336 996635
389133 399785
458722 795841
933921 957025
86758 246731
678705 691348
814751 879027
319407 953984
136938 202155
569609 791678
271993 332491
283758 805086
123558 547430
136729 933709
743999 945292
694076 806160
572340 926797
216102 709617
548820 755895
223440 962114
485715 852535
385603 978106
130269 209184
648856 987279
861609 897419
961476 975160
609515 861707
417858 824739
227699 317362
361945 506327
947847 951371
577118 687610
443008 463899
91007 350325
691207 914765
878807 960259
381482 711088
394408 581717
905133 963975
247805 419630
431894 873245
831073 869630
550303 603328
60564 651348
598323 922108
320403 561968
930121 972590
884646 967573
682667 741095
17858 130456
19125 465405
847659 902627
744390 768642
784212 924126
8551 739061
614539 905726
979707 988247
769246 957099
361937 475398
202641 855629
140195 368753
265605 597939
222891 779831
648007 979987
420973 532625
925646 990121
56621 944816
363506 874074
877803 959577
639632 789420
587884 790088
497117 909595
175920 324861
901657 960432
690330 857879
437118 705374
988067 996224
257276 938615
545057 870233
700325 708855
476031 635409
241281 703671
239969 483598
676955 729773
139864 686292
526291 964472
795143 897467
376035 968872
422452 441479
443655 582977
357356 534389
372799 524160
719719 820427
142598 298824
768802 982020
128152 141777
436448 727486
853139 957394
380715 619542
629973 794526
183169 253386
858356 861311
450008 629491
379360 810302
900109 968170
791698 844044
648882 860923
458341 785484
336926 707754
653363 687477
585469 950886
967216 977196
483366 598872
523640 544589
264131 494657
285973 537512
835531 904113
492927 719163
891288 924107
353003 950030
640181 682070
208471 776571
532456 704727
677515 990662
82519 620137
682411 983725
609358 794324
518784 598465
335266 876495
868904 948662
814814 975589
28071 965802
363762 688573
967685 987392
912098 990848
612942 841637
731735 940206
155500 952544
473177 477557
414220 723787
924660 988400
473700 505276
931872 948452
116598 283919
540411 548510
689218 807067
374915 704904
169135 347859
851095 951005
247903 432702
116049 862454
909525 912920
297859 896781
966487 981717
445433 920770
547436 976751
623430 691694
394159 635938
552119 632834
540943 633792
564655 953267
935111 946541
316107 750610
277858 284316
362199 769650
340274 435671
968867 985431
718663 894227
369984 405241
908918 970903
959222 977308
238020 506384
799737 926504
482283 855050
553170 864561
452230 841712
552519 995058
866074 885327
597678 625794
226892 558520
890361 960099
588298 795575
105848 348326
134317 663627
123140 208218
687138 929180
966738 978693
359065 569412
941162 999225
872383 964339
133366 937242
664794 880353
939492 944686
781516 809207
732039 794886
451237 470386
407138 518644
699374 873103
660100 995962
410283 978566
667195 962278
35943 95512
394451 621269
795885 977175
91965 645543
206614 713761
641156 713830
833231 846788
193350 476574
998248 998280
665028 818014
201200 728810
544532 946423
142028 631472
253621 670116
773251 929570
996171 996614
922013 991063
70965 874922
650982 786243
248179 890880
786077 946004
932405 984512
536405 613626
599060 946906
869493 992578
845413 846682
260364 383937
765746 832989
262434 685164
931150 945242
757363 967661
365415 673733
656838 714023
954517 998317
759389 840793
409382 647209
617109 689181
29805 175521
72084 78301
757331 930349
785713 892912
522869 838360
560552 989454
977998 990979
55239 253113
879932 967652
23773 436549
880594 911809
45321 881852
35160 986855
562392 820409
553095 811663
111614 852125
444651 999349
910027 988603
45318 329280
54963 856596
556863 774517
916272 982294
501416 896256
750382 772799
72000 309067
136334 417984
900103 926989
35621 182463
917027 925254
823349 824865
956163 984863
313087 947263
658896 883667
827558 904298
11186 922226
819924 968969
371481 443989
85107 483017
718060 884539
191526 916818
96573 475394
981160 984129
16521 649674
8746 18920
98910 789486
361886 784500
765355 921202
515580 568806
912262 989173
932554 980530
194830 930929
22921 519048
465621 747621
152153 177475
874657 990291
152056 408919
396292 898692
643522 981490
764799 786688
59075 874423
117092 681373
315716 665976
812775 825494
175047 568959
753651 805381
464947 720318
311582 384072
43349 416874
396780 570512
149712 211088
135208 647510
865488 969330
119182 226159
2462 570642
125541 338977
101568 745496
847967 905533
400778 426694
207612 770377
657606 989664
32486 582104
144382 695008
534682 562906
797330 912561
627533 672175
999521 999864
19568 237406
488237 929106
665184 823127
914541 916235
888797 890546
213327 457215
718945 834654
54756 161426
650839 965162
117326 994252
342339 697882
802977 941414
339817 753504
309627 588342
271806 398149
494937 994986
894539 897724
782835 900689
743645 885089
796508 991825
819867 874384
167552 635485
587226 791107
227126 901949
736914 782767
272010 342448
913440 923667
534481 708480
544224 703751
403653 786374
768875 865128
512686 548967
289698 563124
216204 331170
216157 798388
652818 963250
29773 470535
240507 410942
656049 678246
238510 879346
258986 509015
549654 678919
110330 118469
492847 714565
391854 424018
153653 552492
693690 770140
982547 998337
312436 961120
827281 962283
421631 913598
102206 724278
669432 699934
98315 907145
288301 466126
843979 862193
81838 771736
717646 935667
402376 771182
898805 935507
918722 918973
152900 333688
688545 991870
988979 991172
946763 990432
225024 335559
445141 790914
277658 470751
206350 643098
690919 799612
674185 929264
65808 873711
818089 902845
696270 825042
491981 807358
844727 934671
712792 913692
717641 732176
868646 951269
549255 758928
880538 995825
584767 934988
970319 996599
70497 312814
240818 326407
39167 659222
73077 633743
251593 323852
83765 278089
767178 949439
291582 525822
15739 489922
46385 578873
337219 570933
461988 818169
40840 404330
699894 705582
99688 809048
794830 945413
877637 958120
425505 783680
281057 940251
126406 352861
